233,168
4,613,732
6,857
906,609
232,792,560
25,164,150
104,743
23,514,624,000
31,875,000
142,913,828,922
70,600,674
76,576,500
5,537,376,230
837,799
137,846,528,820
1,366
21,124
1,074
171
648
31,626
871,198,282
4,179,871
2,783,915,460
4,782
983
-59,231
669,171,001
9,183
443,839



40,730
55
872,187
748,317







1,533,776,805



296,962,999,629






972


129,448







7,273













427,337
260,324
425,185































































































































































892,371,480






